
static  double H[64] = {20533206662.769112,	2682062268.582623,	-5251325553.606778,	-2918110044.411621,	236047775.828999,	-3674246643.486467,	-5133301665.692278,	-6474332799.983588,	
2682062268.582623,	20533206662.769112,	-2918110044.411621,	-5251325553.606778,	-3674246643.486467,	236047775.828999,	-6474332799.983588,	-5133301665.692278,	
-5251325553.606778,	-2918110044.411621,	20533206662.769112,	2682062268.582623,	-5133301665.692278,	-6474332799.983588,	236047775.828999,	-3674246643.486467,	
-2918110044.411621,	-5251325553.606778,	2682062268.582623,	20533206662.769112,	-6474332799.983588,	-5133301665.692278,	-3674246643.486467,	236047775.828999,	
236047775.828999,	-3674246643.486467,	-5133301665.692278,	-6474332799.983588,	20533206662.769112,	2682062268.582623,	-5251325553.606778,	-2918110044.411621,	
-3674246643.486467,	236047775.828999,	-6474332799.983588,	-5133301665.692278,	2682062268.582623,	20533206662.769112,	-2918110044.411621,	-5251325553.606778,	
-5133301665.692278,	-6474332799.983588,	236047775.828999,	-3674246643.486467,	-5251325553.606778,	-2918110044.411621,	20533206662.769112,	2682062268.582623,	
-6474332799.983588,	-5133301665.692278,	-3674246643.486467,	236047775.828999,	-2918110044.411621,	-5251325553.606778,	2682062268.582623,	20533206662.769112,	
};

static  double Q[64] = {3.131938,	1.565969,	0.782985,	1.565969,	1.565969,	0.782985,	0.391492,	0.782985,	
1.565969,	3.131938,	1.565969,	0.782985,	0.782985,	1.565969,	0.782985,	0.391492,	
0.782985,	1.565969,	3.131938,	1.565969,	0.391492,	0.782985,	1.565969,	0.782985,	
1.565969,	0.782985,	1.565969,	3.131938,	0.782985,	0.391492,	0.782985,	1.565969,	
1.565969,	0.782985,	0.391492,	0.782985,	3.131938,	1.565969,	0.782985,	1.565969,	
0.782985,	1.565969,	0.782985,	0.391492,	1.565969,	3.131938,	1.565969,	0.782985,	
0.391492,	0.782985,	1.565969,	0.782985,	0.782985,	1.565969,	3.131938,	1.565969,	
0.782985,	0.391492,	0.782985,	1.565969,	1.565969,	0.782985,	1.565969,	3.131938,	
};
