
static  double H[64] = {20533206662.769112,	2682062268.582625,	-5251325553.606776,	-2918110044.411623,	236047775.828998,	-3674246643.486466,	-5133301665.692278,	-6474332799.983591,
2682062268.582625,	20533206662.769112,	-2918110044.411623,	-5251325553.606776,	-3674246643.486466,	236047775.828998,	-6474332799.983591,	-5133301665.692278,
-5251325553.606776,	-2918110044.411623,	20533206662.769112,	2682062268.582625,	-5133301665.692278,	-6474332799.983591,	236047775.828998,	-3674246643.486466,
-2918110044.411623,	-5251325553.606776,	2682062268.582625,	20533206662.769112,	-6474332799.983591,	-5133301665.692278,	-3674246643.486466,	236047775.828998,
236047775.828998,	-3674246643.486466,	-5133301665.692278,	-6474332799.983591,	20533206662.769112,	2682062268.582625,	-5251325553.606776,	-2918110044.411623,
-3674246643.486466,	236047775.828998,	-6474332799.983591,	-5133301665.692278,	2682062268.582625,	20533206662.769112,	-2918110044.411623,	-5251325553.606776,
-5133301665.692278,	-6474332799.983591,	236047775.828998,	-3674246643.486466,	-5251325553.606776,	-2918110044.411623,	20533206662.769112,	2682062268.582625,
-6474332799.983591,	-5133301665.692278,	-3674246643.486466,	236047775.828998,	-2918110044.411623,	-5251325553.606776,	2682062268.582625,	20533206662.769112,
};

static  double Q[64] = {6.801771,	3.400886,	1.700443,	3.400886,	3.400886,	1.700443,	0.850221,	1.700443,
3.400886,	6.801771,	3.400886,	1.700443,	1.700443,	3.400886,	1.700443,	0.850221,
1.700443,	3.400886,	6.801771,	3.400886,	0.850221,	1.700443,	3.400886,	1.700443,
3.400886,	1.700443,	3.400886,	6.801771,	1.700443,	0.850221,	1.700443,	3.400886,
3.400886,	1.700443,	0.850221,	1.700443,	6.801771,	3.400886,	1.700443,	3.400886,
1.700443,	3.400886,	1.700443,	0.850221,	3.400886,	6.801771,	3.400886,	1.700443,
0.850221,	1.700443,	3.400886,	1.700443,	1.700443,	3.400886,	6.801771,	3.400886,
1.700443,	0.850221,	1.700443,	3.400886,	3.400886,	1.700443,	3.400886,	6.801771,
};

